   % A      C       O       R       T       FIM
T = [0      5/10    0       7/30    5/10    0
    7/30    0       7/30    0       0       0
    0       5/10    0       7/30    5/10    0
    7/30    0       7/30    0       0       0
    7/30    0       7/30    7/30    0       0
    3/10    0       3/10    3/10    0       0]
     
paginasDeadEnd = {};