a = 1:1:10

b0 = -5:1:5
b1 = linspace(-5, 5, 11)

A = [1, 5, 1-i; 4, i, -1]

A(3, 4) = [0]

